=== Run information ===

Scheme:       weka.clusterers.EM -I 100 -N -1 -X 10 -max -1 -ll-cv 1.0E-6 -ll-iter 1.0E-6 -M 1.0E-6 -K 10 -num-slots 1 -S 100
Relation:     preprocess_car_data_ICA-weka.filters.unsupervised.attribute.IndependentComponents-W-A7-N200-T1.0E-4
Instances:    1728
Attributes:   7
              Source_0
              Source_1
              Source_2
              Source_3
              Source_4
              Source_5
              class
Test mode:    evaluate on training data


=== Clustering model (full training set) ===


EM
==

Number of clusters selected by cross validation: 18
Number of iterations performed: 75


             Cluster
Attribute          0        1        2        3        4        5        6        7        8        9       10       11       12       13       14       15       16       17
              (0.08)   (0.04)   (0.03)   (0.04)   (0.05)   (0.09)   (0.08)   (0.04)   (0.06)   (0.07)   (0.04)   (0.03)   (0.03)   (0.11)   (0.05)   (0.04)   (0.08)   (0.04)
==============================================================================================================================================================================
Source_0
  mean        -0.0129   0.0206    -0.01  -0.0069   0.0245   0.0288   0.0136  -0.0027   0.0032  -0.0058   0.0065    0.021   0.0296   0.0576  -0.0035   0.0155   0.0261   0.0104
  std. dev.    0.0133   0.0113   0.0219   0.0184   0.0162   0.0131   0.0186   0.0236   0.0176   0.0172   0.0176   0.0187    0.011   0.0118   0.0229   0.0163   0.0207   0.0264

Source_1
  mean        -0.0166  -0.0001   0.0128   0.0125  -0.0301  -0.0407  -0.0529  -0.0331  -0.0394  -0.0249  -0.0564   0.0037  -0.0426  -0.0332  -0.0114  -0.0249  -0.0408  -0.0305
  std. dev.    0.0153    0.011   0.0066   0.0105   0.0221   0.0231   0.0162   0.0081   0.0161   0.0172   0.0138   0.0101     0.02   0.0231   0.0075   0.0107   0.0199   0.0061

Source_2
  mean        -0.0178   0.0132    0.011   0.0125  -0.0197  -0.0464   0.0027   0.0144   0.0106   0.0103   0.0148  -0.0255  -0.0469  -0.0145   0.0173   -0.001  -0.0109  -0.0046
  std. dev.    0.0091   0.0109   0.0175   0.0175    0.017   0.0103    0.019     0.02   0.0188   0.0197   0.0172   0.0169   0.0099   0.0108   0.0174   0.0191   0.0223   0.0182

Source_3
  mean         0.0075   0.0124   0.0213   -0.021  -0.0098  -0.0205   0.0125   0.0059  -0.0351   0.0059  -0.0009  -0.0077   0.0192  -0.0122   -0.001   0.0006  -0.0095  -0.0235
  std. dev.    0.0248   0.0207   0.0139   0.0113   0.0141   0.0209   0.0176   0.0155   0.0124   0.0148   0.0146   0.0268   0.0113   0.0252   0.0273   0.0275   0.0132   0.0161

Source_4
  mean        -0.0185  -0.0254   0.0185  -0.0046   0.0383  -0.0044  -0.0146   0.0087  -0.0103   0.0203   0.0133   0.0158   0.0069   0.0016   0.0078  -0.0109  -0.0435  -0.0126
  std. dev.     0.017   0.0143   0.0167   0.0114   0.0097   0.0182   0.0112    0.021   0.0113   0.0101   0.0116   0.0152   0.0108   0.0178   0.0191   0.0117   0.0082   0.0248

Source_5
  mean         0.0485    0.046   0.0252   0.0413   0.0496   0.0711   0.0519  -0.0082   0.0595   0.0511   0.0604   0.0373   0.0528   0.0675   0.0078   0.0966   0.0739   0.0078
  std. dev.    0.0248   0.0196   0.0042   0.0185   0.0267   0.0273    0.021   0.0048   0.0197   0.0231   0.0089   0.0079   0.0313   0.0266   0.0057   0.0074   0.0252   0.0052

class
  unacc      143.8219  70.3594  48.0262  66.0998  88.1524 150.5824   1.4345  73.9206   1.2486   1.8187   1.0144  52.4543  44.3741  183.714  85.6142    1.154 146.2865  67.9242
  acc          2.4399   1.8246        1   1.0901   1.0105    1.035 144.7831        1 108.1291  54.3521   1.1036   1.0111   1.0094   1.0105        1  78.0415    1.159   1.0004
  vgood        1.0013   1.0001        1        1   1.0161   1.0003   1.3581        1   1.0185   1.2528    65.35        1   1.0004   1.0005        1   1.0019        1        1
  good         1.0287   1.0005        1   1.0008    1.051   1.0001   1.0076        1   1.0116  69.6497   1.1965   1.0005   1.0001        1    1.001   1.0457        1   1.0061
  [total]    148.2918  74.1846  51.0262  69.1907    91.23 153.6178 148.5833  76.9206 111.4079 127.0733  68.6645  55.4659   47.384 186.7251  88.6152   81.243 149.4455  70.9307


Time taken to build model (full training data) : 186.98 seconds

=== Model and evaluation on training set ===

Clustered Instances

 0       149 (  9%)
 1        70 (  4%)
 2        45 (  3%)
 3        63 (  4%)
 4        82 (  5%)
 5       148 (  9%)
 6       146 (  8%)
 7        76 (  4%)
 8       109 (  6%)
 9       121 (  7%)
10        65 (  4%)
11        52 (  3%)
12        47 (  3%)
13       181 ( 10%)
14        79 (  5%)
15        77 (  4%)
16       146 (  8%)
17        72 (  4%)


Log likelihood: 13.79598

